138
138
138
138
138
138
138
138
138
138
138
137
138
138
138
138
138
138
138
138
138
138
138
138
139
139
140
140
140
141
142
142
144
145
145
146
147
149
152
153
154
155
156
158
158
157
157
156
155
155
155
154
155
154
153
154
152
150
148
147
144
140
137
136
133
130
128
126
123
120
118
116
114
111
109
107
105
102
100
98
94
88
84
81
78
77
76
76
75
75
74
74
73
72
72
71
71
70
69
69
68
67
66
66
65
65
64
64
63
63
62
62
61
61
61
60
61
60
60
60
60
60
60
60
60
60
61
61
61
61
61
61
61
61
61
60
60
60
60
60
60
60
59
59
59
59
59
59
58
58
58
58
57
57
57
57
57
56
56
56
56
56
56
55
55
55
55
55
55
54
54
54
54
54
54
54
53
53
53
53
53
52
52
52
52
52
52
52
52
52
52
52
52
51
51
51
51
51
51
51
51
51
51
51
50
50
49
49
48
48
47
47
48
48
49
49
49
50
50
50
51
51
51
51
51
51
51
51
52
52
52
52
52
52
52
52
52
52
52
52
53
53
53
53
53
53
54
54
54
54
54
54
54
54
54
54
55
55
55
55
55
56
56
56
56
56
56
56
57
57
57
57
57
57
58
58
58
58
58
58
59
59
59
59
59
59
59
59
58
58
58
58
58
58
57
57
57
57
57
57
57
57
56
56
56
55
55
55
55
55
54
54
54
53
53
52
52
51
50
50
49
49
48
48
48
47
47
46
46
45
45
45
45
44
44
44
43
43
43
42
42
42
41
41
41
41
41
40
40
40
40
40
39
39
39
39
39
39
39
38
38
38
38
38
38
38
38
38
38
37
37
37
37
37
37
37
37
37
37
37
36
36
36
36
36
37
37
37
38
38
38
38
38
38
38
38
37
37
37
37
37
36
36
36
35
35
35
34
34
34
34
34
34
34
35
35
35
36
36
36
37
37
37
37
38
38
38
38
38
39
39
39
39
39
39
39
40
40
40
40
40
40
40
41
41
41
41
41
41
41
42
42
42
42
42
42
43
43
43
43
43
44
44
44
44
44
44
45
45
45
46
46
46
46
43
42
65535
108
109
111
113
115
117
119
120
122
124
125
126
128
129
130
131
133
134
135
136
138
140
142
144
146
147
149
150
151
154
156
158
161
162
163
165
166
167
168
170
170
170
171
172
174
177
179
182
185
189
191
194
199
202
205
209
210
212
213
214
218
222
224
228
232
235
239
241
246
249
252
254
257
259
260
262
264
266
268
271
275
280
283
288
294
299
303
310
318
65535
331
65535
65535
65535
65535
423
430
435
440
443
446
448
450
451
451
452
452
453
453
452
452
452
452
451
451
451
453
457
458
467
477
486
491
498
503
506
509
512
514
515
517
517
518
519
520
520
521
522
522
523
522
522
522
520
518
516
515
507
353
346
347
248
244
241
239
235
228
223
219
213
204
197
191
185
181
178
175
173
171
170
169
169
169
169
169
168
167
167
166
166
166
166
166
166
166
166
167
167
170
171
172
174
175
176
177
177
176
175
175
174
172
171
170
169
167
166
165
163
161
160
159
157
156
154
153
152
150
149
149
147
146
144
142
140
138
136
135
134
132
131
130
129
127
126
125
124
123
122
121
120
119
118
117
115
114
113
112
111
109
108
108
107
106
105
105
104
103
102
102
102
101
101
101
101
102
102
103
104
106
107
108
109
111
112
113
115
117
118
119
121
123
125
126
128
130
133
134
136
138
140
141
142
143
144
145
146
146
147
147
147
147
147
147
147
147
147
147
146
145
145
145
144
144
144
143
143
143
143
143
144
144
145
145
