96
96
96
96
96
96
96
96
96
96
96
96
96
96
96
96
96
96
96
96
96
97
97
97
97
97
97
97
97
96
96
95
94
94
94
93
93
93
93
93
93
93
93
92
92
91
89
88
87
85
83
81
79
77
76
74
73
71
69
68
67
66
65
64
62
61
60
59
58
57
56
55
54
53
52
51
50
49
48
47
46
45
44
43
42
41
41
40
40
40
40
40
40
41
41
41
41
41
42
42
42
43
43
44
44
45
45
46
46
48
48
49
50
51
52
53
53
54
54
54
55
56
55
55
55
55
55
55
56
56
57
57
58
58
59
59
60
61
62
63
64
66
67
68
70
72
73
75
77
79
80
82
83
85
87
88
89
90
92
94
96
99
102
104
107
110
113
115
119
123
127
130
135
141
145
149
156
163
169
174
180
188
194
199
204
204
204
204
203
202
202
202
201
201
200
200
200
200
199
199
199
198
199
199
199
199
199
200
200
200
199
200
210
404
405
406
407
408
408
408
408
407
406
406
408
411
414
416
417
415
413
412
413
414
416
417
418
419
420
421
422
423
424
425
426
427
428
429
429
427
425
423
415
408
402
397
392
385
379
374
368
362
356
352
350
347
344
342
342
339
338
336
334
331
329
327
325
322
320
317
315
313
310
307
304
298
292
288
283
278
274
271
269
265
262
260
257
253
251
249
247
246
245
244
242
239
236
233
231
230
229
228
226
225
225
223
223
221
220
218
217
216
215
215
214
213
212
211
210
208
205
205
202
200
198
197
195
193
192
191
190
189
189
188
186
186
187
188
188
188
187
186
186
185
185
184
184
183
183
182
181
181
181
180
180
180
179
179
173
88
88
88
87
88
88
89
89
89
89
89
89
89
90
90
90
90
90
90
90
89
89
89
89
89
89
89
88
88
88
88
87
87
87
87
86
86
86
86
86
87
87
87
87
88
88
88
88
88
89
89
89
89
89
89
90
90
90
90
90
90
91
91
91
91
91
91
92
92
92
92
92
93
93
93
93
93
94
94
94
94
95
95
95
95
96
96
96
97
97
97
98
98
96
96
96
95
94
94
93
93
93
92
92
92
92
93
93
93
93
93
93
93
92
92
92
91
90
89
88
87
86
85
84
83
82
81
79
78
77
76
75
74
74
73
72
71
70
70
69
68
67
66
66
65
64
64
63
62
62
61
61
60
59
59
58
58
57
57
56
56
55
55
54
54
53
53
53
52
51
51
50
50
50
49
49
48
48
47
47
47
47
46
46
46
45
45
44
44
43
43
43
42
42
42
41
41
41
40
40
39
38
38
36
34
33
32
31
31
30
30
30
30
31
32
33
34
34
34
34
34
34
34
34
35
35
35
36
36
36
36
36
36
35
35
35
35
35
35
35
35
35
35
36
36
37
37
37
38
39
39
39
40
40
40
40
40
41
42
43
43
43
44
44
44
45
45
45
46
47
48
49
49
50
50
51
51
52
52
53
53
53
54
54
54
55
55
55
55
55
55
56
56
56
56
56
57
57
57
57
58
58
58
58
58
59
59
59
59
59
60
60
60
61
61
61
61
60
60
60
60
60
60
60
60
61
61
61
62
62
62
63
63
64
64
65
66
66
67
68
70
71
72
72
74
74
75
76
77
78
79
80
82
83
84
85
86
87
88
90
91
92
93
93
93
93
93
93
93
93
92
92
91
91
90
90
90
91
91
92
93
93
93
93
94
95
95
96
97
99
100
100
101
101
101
101
101
101
101
100
100
99
99
99
98
98
98
98
97
97
97
97
97
97
96
96
97
97
97
97
98
98
99
99
99
99
99
100
99
99
98
