73
74
76
77
78
78
79
79
80
80
81
81
81
82
82
82
83
83
83
83
84
84
84
84
84
85
85
85
85
85
86
86
86
86
86
86
86
85
85
85
85
85
85
85
85
85
85
85
85
85
86
86
86
87
87
87
88
89
89
90
90
91
92
92
92
93
93
93
93
93
93
93
93
93
93
93
93
93
93
94
94
95
96
96
97
98
99
100
101
102
105
106
111
120
126
132
137
141
145
148
151
154
156
158
161
163
165
167
168
170
172
174
175
177
179
181
182
184
186
187
189
191
193
194
196
199
202
204
311
313
314
316
317
318
319
319
320
320
320
320
320
319
319
319
318
317
316
316
315
313
313
312
311
310
309
309
308
307
306
305
303
300
297
296
294
292
290
289
288
287
286
286
287
288
289
289
289
289
289
289
289
289
289
289
289
289
289
288
288
288
287
287
287
287
286
286
285
284
283
283
282
281
279
279
278
267
257
249
240
232
225
219
214
211
209
207
205
204
203
202
202
202
201
201
201
201
201
201
202
202
202
202
202
203
203
203
203
204
204
204
204
205
205
205
205
206
206
206
207
207
207
207
207
206
203
201
194
188
183
179
175
172
169
167
164
160
157
155
152
150
149
148
146
145
143
141
140
137
135
133
131
129
127
126
124
122
121
120
118
115
113
113
112
112
111
111
111
112
112
113
112
111
111
110
109
107
106
105
104
103
102
102
101
100
99
98
97
96
96
95
94
93
92
91
90
89
86
86
85
85
85
85
84
84
84
84
83
83
82
82
81
80
80
79
78
77
77
76
76
75
74
74
73
73
73
72
72
71
71
71
70
69
69
68
68
67
66
66
67
68
68
69
70
70
70
70
70
69
69
68
67
66
65
64
64
63
63
63
64
65
65
66
70
70
70
70
69
68
67
67
68
68
67
67
67
69
69
69
69
68
67
66
65
64
63
63
62
61
60
60
59
59
59
59
59
59
59
59
59
58
57
57
56
55
54
53
53
53
52
52
52
52
52
53
53
53
54
54
54
55
55
56
56
56
57
57
58
58
58
59
59
60
60
60
61
61
62
62
62
62
63
63
63
64
64
65
65
65
66
66
66
66
66
66
66
68
68
69
70
71
71
72
73
74
75
75
76
77
78
78
79
80
81
81
82
82
83
83
84
85
86
87
87
88
89
90
91
92
93
94
96
97
98
99
100
101
102
103
104
106
107
108
109
111
112
113
114
115
116
117
119
121
123
125
126
129
131
132
134
137
140
142
146
147
147
148
148
150
151
152
153
156
159
162
165
172
177
181
188
194
199
203
207
210
213
215
216
217
218
219
219
219
219
219
219
219
219
219
218
218
218
218
217
217
216
216
216
215
215
215
214
214
213
213
212
211
211
210
210
210
210
210
211
214
215
217
285
286
286
287
288
288
289
290
290
291
292
293
293
294
294
295
295
296
296
297
297
298
298
298
299
299
300
300
301
301
302
302
301
300
300
300
301
301
301
301
302
304
305
306
307
309
311
312
313
315
316
317
318
319
320
321
322
324
325
326
327
328
329
329
324
256
257
257
255
252
249
247
247
245
243
243
241
238
236
234
232
230
229
228
226
224
223
221
217
212
209
206
203
201
199
198
196
195
193
192
191
190
188
187
186
185
183
182
181
180
179
178
177
176
175
174
173
172
171
170
169
168
168
167
166
165
165
164
164
163
162
161
161
160
159
158
157
155
154
154
153
150
147
145
140
135
131
126
123
119
116
113
110
107
104
101
99
96
94
93
91
90
89
88
87
87
86
86
86
85
85
85
85
85
84
84
84
84
84
84
84
84
84
84
