119
119
119
119
119
119
119
119
119
119
119
119
119
119
119
118
118
117
117
118
118
118
118
118
118
118
118
118
118
118
118
119
112
27993
97
92
87
85
84
84
86
87
87
87
87
88
88
87
39936
89
91
91
91
91
91
91
93
94
94
94
94
94
94
94
96
98
98
99
99
99
99
99
101
103
104
104
104
104
104
104
107
110
110
110
111
110
110
111
114
116
117
117
117
117
117
117
119
121
122
122
122
122
122
122
126
130
131
131
131
131
131
131
135
138
138
139
138
138
139
138
149
171
176
176
176
176
176
176
177
178
178
178
177
177
177
177
172
168
167
167
167
167
167
167
163
154
152
152
152
152
152
152
154
153
153
153
153
153
153
153
149
150
150
150
150
150
150
150
152
157
159
160
160
160
160
160
159
157
156
155
155
155
155
155
153
152
151
151
151
151
151
151
150
149
149
149
149
149
149
149
148
148
148
148
148
148
148
148
147
147
147
147
147
147
147
147
146
146
146
146
146
146
146
146
146
146
146
146
146
147
147
147
147
148
148
148
148
148
148
148
148
149
149
149
149
149
149
149
150
149
149
149
148
147
147
147
149
151
152
153
153
153
154
154
155
156
157
157
157
157
157
157
158
158
158
158
159
159
159
159
162
163
163
163
164
164
164
164
167
169
169
169
170
170
170
170
172
175
176
177
177
178
178
179
181
184
185
186
188
189
190
190
194
199
199
199
193
189
188
188
160
150
149
148
147
146
145
145
149
148
149
149
148
147
148
148
146
145
144
145
146
147
147
147
65535
65535
65535
65535
65535
65535
65535
65535
159
162
162
163
65535
161
65535
162
164
164
164
165
165
166
166
166
165
165
165
165
166
167
167
167
170
175
175
175
176
178
178
178
175
172
171
171
170
169
169
169
161
158
157
157
159
160
159
159
166
169
169
169
169
169
169
170
165
163
162
163
161
161
161
161
158
157
157
157
161
163
163
163
166
166
166
166
165
164
163
164
164
163
162
163
164
162
162
161
162
161
161
161
168
170
171
171
174
173
174
174
173
172
172
172
170
170
170
170
169
169
169
169
168
167
167
167
168
168
169
169
174
181
183
182
187
189
190
190
189
189
189
189
184
183
183
183
175
170
169
168
169
169
169
169
172
170
170
170
168
168
167
168
171
177
178
178
181
181
181
181
161
144
141
141
138
137
137
137
135
133
132
132
134
133
134
134
136
141
142
142
144
145
145
145
150
153
154
154
153
153
153
153
129
98
93
91
91
91
91
91
90
90
26624
90
28928
89
28672
89
87
87
86
87
86
86
86
86
79
74
73
73
74
74
74
74
83
7936
89
91
92
91
91
91
105
65535
65535
65535
65535
65535
65535
65535
401
428
433
434
433
433
433
433
426
408
404
403
395
395
395
396
419
427
429
429
429
429
429
429
425
388
379
377
377
377
377
377
401
417
419
420
346
294
282
280
279
278
278
278
273
270
269
269
269
269
269
269
284
300
303
303
401
429
435
436
443
447
448
448
450
452
452
452
453
454
455
455
441
384
372
369
366
365
365
365
336
307
301
300
300
300
300
300
294
274
271
270
220
188
182
181
158
157
158
158
163
166
166
166
178
184
186
186
186
186
186
186
189
190
190
190
190
190
190
189
181
174
172
172
170
169
169
169
171
171
171
171
170
170
170
170
159
151
150
150
148
147
147
147
152
153
153
153
153
152
152
152
150
145
142
141
140
140
140
140
138
136
136
136
135
135
135
135
133
132
132
131
131
131
131
131
129
128
127
127
127
127
127
127
125
124
124
124
124
124
124
124
123
122
122
122
122
122
122
122
121
120
120
120
120
120
120
120
